0.57485 0.99275 0.16422 1.00000
0.57485 0.99275 0.16422 1.00000
0.56465 0.98897 0.17654 1.00000
0.56465 0.98897 0.17654 1.00000
0.55462 0.98514 0.18815 1.00000
0.55462 0.98514 0.18815 1.00000
0.54477 0.98127 0.19916 1.00000
0.54477 0.98127 0.19916 1.00000
0.53508 0.97736 0.20962 1.00000
0.53508 0.97736 0.20962 1.00000
0.52556 0.97342 0.21961 1.00000
0.52556 0.97342 0.21961 1.00000
0.51620 0.96944 0.22916 1.00000
0.51620 0.96944 0.22916 1.00000
0.50699 0.96543 0.23833 1.00000
0.50699 0.96543 0.23833 1.00000
0.49793 0.96139 0.24714 1.00000
0.49793 0.96139 0.24714 1.00000
0.48902 0.95732 0.25562 1.00000
0.48902 0.95732 0.25562 1.00000
0.48026 0.95322 0.26379 1.00000
0.48026 0.95322 0.26379 1.00000
0.47164 0.94910 0.27169 1.00000
0.47164 0.94910 0.27169 1.00000
0.46315 0.94496 0.27931 1.00000
0.46315 0.94496 0.27931 1.00000
0.45480 0.94079 0.28670 1.00000
0.45480 0.94079 0.28670 1.00000
0.44657 0.93660 0.29384 1.00000
0.44657 0.93660 0.29384 1.00000
0.43848 0.93240 0.30077 1.00000
0.43848 0.93240 0.30077 1.00000
0.43052 0.92817 0.30749 1.00000
0.43052 0.92817 0.30749 1.00000
0.42267 0.92393 0.31401 1.00000
0.42267 0.92393 0.31401 1.00000
0.41496 0.91967 0.32034 1.00000
0.41496 0.91967 0.32034 1.00000
0.40736 0.91540 0.32650 1.00000
0.40736 0.91540 0.32650 1.00000
0.39988 0.91111 0.33248 1.00000
0.39988 0.91111 0.33248 1.00000
0.39251 0.90681 0.33829 1.00000
0.39251 0.90681 0.33829 1.00000
0.38527 0.90250 0.34395 1.00000
0.37813 0.89818 0.34946 1.00000
0.37813 0.89818 0.34946 1.00000
0.37111 0.89384 0.35482 1.00000
0.37111 0.89384 0.35482 1.00000
0.36420 0.88949 0.36004 1.00000
0.36420 0.88949 0.36004 1.00000
0.35741 0.88514 0.36513 1.00000
0.35741 0.88514 0.36513 1.00000
0.35072 0.88077 0.37008 1.00000
0.35072 0.88077 0.37008 1.00000
0.34414 0.87640 0.37491 1.00000
0.34414 0.87640 0.37491 1.00000
0.33767 0.87201 0.37961 1.00000
0.33767 0.87201 0.37961 1.00000
0.33131 0.86762 0.38419 1.00000
0.33131 0.86762 0.38419 1.00000
0.32505 0.86323 0.38866 1.00000
0.32505 0.86323 0.38866 1.00000
0.31890 0.85882 0.39301 1.00000
0.31890 0.85882 0.39301 1.00000
0.31286 0.85442 0.39725 1.00000
0.31286 0.85442 0.39725 1.00000
0.30693 0.85000 0.40139 1.00000
0.30693 0.85000 0.40139 1.00000
0.30109 0.84558 0.40542 1.00000
0.30109 0.84558 0.40542 1.00000
0.29537 0.84116 0.40935 1.00000
0.29537 0.84116 0.40935 1.00000
0.28975 0.83673 0.41317 1.00000
0.28975 0.83673 0.41317 1.00000
0.28423 0.83230 0.41690 1.00000
0.28423 0.83230 0.41690 1.00000
0.27882 0.82786 0.42054 1.00000
0.27882 0.82786 0.42054 1.00000
0.27352 0.82342 0.42408 1.00000
0.27352 0.82342 0.42408 1.00000
0.26832 0.81898 0.42753 1.00000
0.26832 0.81898 0.42753 1.00000
0.26323 0.81454 0.43088 1.00000
0.26323 0.81454 0.43088 1.00000
0.25824 0.81009 0.43415 1.00000
0.25824 0.81009 0.43415 1.00000
0.25335 0.80564 0.43734 1.00000
0.24857 0.80119 0.44044 1.00000
0.24857 0.80119 0.44044 1.00000
0.24390 0.79674 0.44345 1.00000
0.24390 0.79674 0.44345 1.00000
0.23933 0.79229 0.44638 1.00000
0.23933 0.79229 0.44638 1.00000
0.23486 0.78784 0.44923 1.00000
0.23486 0.78784 0.44923 1.00000
0.23051 0.78339 0.45201 1.00000
0.23051 0.78339 0.45201 1.00000
0.22625 0.77894 0.45470 1.00000
0.22625 0.77894 0.45470 1.00000
0.22210 0.77448 0.45732 1.00000
0.22210 0.77448 0.45732 1.00000
0.21806 0.77003 0.45986 1.00000
0.21806 0.77003 0.45986 1.00000
0.21412 0.76558 0.46232 1.00000
0.21412 0.76558 0.46232 1.00000
0.21029 0.76113 0.46471 1.00000
0.21029 0.76113 0.46471 1.00000
0.20656 0.75668 0.46703 1.00000
0.20656 0.75668 0.46703 1.00000
0.20294 0.75224 0.46928 1.00000
0.20294 0.75224 0.46928 1.00000
0.19941 0.74779 0.47146 1.00000
0.19941 0.74779 0.47146 1.00000
0.19600 0.74335 0.47357 1.00000
0.19600 0.74335 0.47357 1.00000
0.19268 0.73891 0.47561 1.00000
0.19268 0.73891 0.47561 1.00000
0.18947 0.73447 0.47758 1.00000
0.18947 0.73447 0.47758 1.00000
0.18635 0.73004 0.47948 1.00000
0.18635 0.73004 0.47948 1.00000
0.18334 0.72560 0.48132 1.00000
0.18334 0.72560 0.48132 1.00000
0.18042 0.72117 0.48309 1.00000
0.18042 0.72117 0.48309 1.00000
0.17761 0.71675 0.48480 1.00000
0.17761 0.71675 0.48480 1.00000
0.17488 0.71232 0.48645 1.00000
0.17488 0.71232 0.48645 1.00000
0.17226 0.70791 0.48803 1.00000
0.16972 0.70349 0.48955 1.00000
0.16972 0.70349 0.48955 1.00000
0.16728 0.69908 0.49101 1.00000
0.16728 0.69908 0.49101 1.00000
0.16492 0.69467 0.49241 1.00000
0.16492 0.69467 0.49241 1.00000
0.16266 0.69027 0.49375 1.00000
0.16266 0.69027 0.49375 1.00000
0.16047 0.68587 0.49503 1.00000
0.16047 0.68587 0.49503 1.00000
0.15837 0.68148 0.49625 1.00000
0.15837 0.68148 0.49625 1.00000
0.15635 0.67710 0.49742 1.00000
0.15635 0.67710 0.49742 1.00000
0.15440 0.67271 0.49852 1.00000
0.15440 0.67271 0.49852 1.00000
0.15253 0.66834 0.49958 1.00000
0.15253 0.66834 0.49958 1.00000
0.15073 0.66397 0.50058 1.00000
0.15073 0.66397 0.50058 1.00000
0.14899 0.65960 0.50152 1.00000
0.14899 0.65960 0.50152 1.00000
0.14732 0.65525 0.50241 1.00000
0.14732 0.65525 0.50241 1.00000
0.14572 0.65089 0.50325 1.00000
0.14572 0.65089 0.50325 1.00000
0.14417 0.64655 0.50404 1.00000
0.14417 0.64655 0.50404 1.00000
0.14267 0.64221 0.50477 1.00000
0.14267 0.64221 0.50477 1.00000
0.14123 0.63788 0.50546 1.00000
0.14123 0.63788 0.50546 1.00000
0.13983 0.63355 0.50610 1.00000
0.13983 0.63355 0.50610 1.00000
0.13848 0.62924 0.50669 1.00000
0.13848 0.62924 0.50669 1.00000
0.13717 0.62493 0.50723 1.00000
0.13717 0.62493 0.50723 1.00000
0.13589 0.62062 0.50772 1.00000
0.13589 0.62062 0.50772 1.00000
0.13465 0.61633 0.50817 1.00000
0.13465 0.61633 0.50817 1.00000
0.13344 0.61204 0.50857 1.00000
0.13226 0.60776 0.50893 1.00000
0.13226 0.60776 0.50893 1.00000
0.13110 0.60349 0.50925 1.00000
0.13110 0.60349 0.50925 1.00000
0.12996 0.59922 0.50952 1.00000
0.12996 0.59922 0.50952 1.00000
0.12883 0.59497 0.50976 1.00000
0.12883 0.59497 0.50976 1.00000
0.12772 0.59072 0.50995 1.00000
0.12772 0.59072 0.50995 1.00000
0.12662 0.58648 0.51010 1.00000
0.12662 0.58648 0.51010 1.00000
0.12552 0.58225 0.51022 1.00000
0.12552 0.58225 0.51022 1.00000
0.12443 0.57803 0.51029 1.00000
0.12443 0.57803 0.51029 1.00000
0.12334 0.57381 0.51034 1.00000
0.12334 0.57381 0.51034 1.00000
0.12225 0.56961 0.51034 1.00000
0.12225 0.56961 0.51034 1.00000
0.12115 0.56541 0.51031 1.00000
0.12115 0.56541 0.51031 1.00000
0.12004 0.56122 0.51025 1.00000
0.12004 0.56122 0.51025 1.00000
0.11893 0.55704 0.51016 1.00000
0.11893 0.55704 0.51016 1.00000
0.11780 0.55287 0.51003 1.00000
0.11780 0.55287 0.51003 1.00000
0.11666 0.54871 0.50988 1.00000
0.11666 0.54871 0.50988 1.00000
0.11550 0.54456 0.50970 1.00000
0.11550 0.54456 0.50970 1.00000
0.11433 0.54041 0.50949 1.00000
0.11433 0.54041 0.50949 1.00000
0.11313 0.53627 0.50925 1.00000
0.11313 0.53627 0.50925 1.00000
0.11191 0.53215 0.50899 1.00000
0.11191 0.53215 0.50899 1.00000
0.11067 0.52803 0.50870 1.00000
0.11067 0.52803 0.50870 1.00000
0.10940 0.52392 0.50839 1.00000
0.10940 0.52392 0.50839 1.00000
0.10811 0.51981 0.50806 1.00000
0.10811 0.51981 0.50806 1.00000
0.10679 0.51572 0.50771 1.00000
0.10545 0.51163 0.50733 1.00000
0.10545 0.51163 0.50733 1.00000
0.10407 0.50755 0.50694 1.00000
0.10407 0.50755 0.50694 1.00000
0.10267 0.50348 0.50653 1.00000
0.10267 0.50348 0.50653 1.00000
0.10124 0.49942 0.50611 1.00000
0.10124 0.49942 0.50611 1.00000
0.09977 0.49536 0.50567 1.00000
0.09977 0.49536 0.50567 1.00000
0.09828 0.49131 0.50522 1.00000
0.09828 0.49131 0.50522 1.00000
0.09676 0.48727 0.50475 1.00000
0.09676 0.48727 0.50475 1.00000
0.09522 0.48323 0.50427 1.00000
0.09522 0.48323 0.50427 1.00000
0.09364 0.47920 0.50378 1.00000
0.09364 0.47920 0.50378 1.00000
0.09204 0.47517 0.50328 1.00000
0.09204 0.47517 0.50328 1.00000
0.09041 0.47115 0.50278 1.00000
0.09041 0.47115 0.50278 1.00000
0.08876 0.46714 0.50226 1.00000
0.08876 0.46714 0.50226 1.00000
0.08709 0.46313 0.50174 1.00000
0.08709 0.46313 0.50174 1.00000
0.08539 0.45912 0.50121 1.00000
0.08539 0.45912 0.50121 1.00000
0.08368 0.45512 0.50068 1.00000
0.08368 0.45512 0.50068 1.00000
0.08196 0.45112 0.50015 1.00000
0.08196 0.45112 0.50015 1.00000
0.08022 0.44712 0.49961 1.00000
0.08022 0.44712 0.49961 1.00000
0.07848 0.44313 0.49907 1.00000
0.07848 0.44313 0.49907 1.00000
0.07673 0.43914 0.49852 1.00000
0.07673 0.43914 0.49852 1.00000
0.07498 0.43514 0.49798 1.00000
0.07498 0.43514 0.49798 1.00000
0.07323 0.43115 0.49744 1.00000
0.07323 0.43115 0.49744 1.00000
0.07150 0.42716 0.49690 1.00000
0.06978 0.42317 0.49636 1.00000
0.06978 0.42317 0.49636 1.00000
0.06808 0.41918 0.49582 1.00000
0.06808 0.41918 0.49582 1.00000
0.06641 0.41519 0.49528 1.00000
0.06641 0.41519 0.49528 1.00000
0.06478 0.41119 0.49475 1.00000
0.06478 0.41119 0.49475 1.00000
0.06319 0.40719 0.49422 1.00000
0.06319 0.40719 0.49422 1.00000
0.06166 0.40319 0.49369 1.00000
0.06166 0.40319 0.49369 1.00000
0.06019 0.39918 0.49317 1.00000
0.06019 0.39918 0.49317 1.00000
0.05879 0.39517 0.49265 1.00000
0.05879 0.39517 0.49265 1.00000
0.05747 0.39115 0.49214 1.00000
0.05747 0.39115 0.49214 1.00000
0.05625 0.38712 0.49162 1.00000
0.05625 0.38712 0.49162 1.00000
0.05513 0.38308 0.49111 1.00000
0.05513 0.38308 0.49111 1.00000
0.05413 0.37904 0.49061 1.00000
0.05413 0.37904 0.49061 1.00000
0.05325 0.37499 0.49011 1.00000
0.05325 0.37499 0.49011 1.00000
0.05252 0.37092 0.48961 1.00000
0.05252 0.37092 0.48961 1.00000
0.05193 0.36685 0.48911 1.00000
0.05193 0.36685 0.48911 1.00000
0.05151 0.36276 0.48861 1.00000
0.05151 0.36276 0.48861 1.00000
0.05125 0.35866 0.48811 1.00000
0.05125 0.35866 0.48811 1.00000
0.05118 0.35454 0.48761 1.00000
0.05118 0.35454 0.48761 1.00000
0.05129 0.35041 0.48711 1.00000
0.05129 0.35041 0.48711 1.00000
0.05160 0.34627 0.48660 1.00000
0.05160 0.34627 0.48660 1.00000
0.05210 0.34210 0.48609 1.00000
0.05210 0.34210 0.48609 1.00000
0.05281 0.33792 0.48556 1.00000
0.05371 0.33371 0.48503 1.00000
0.05371 0.33371 0.48503 1.00000
0.05482 0.32949 0.48448 1.00000
0.05482 0.32949 0.48448 1.00000
0.05613 0.32524 0.48392 1.00000
0.05613 0.32524 0.48392 1.00000
0.05763 0.32097 0.48333 1.00000
0.05763 0.32097 0.48333 1.00000
0.05932 0.31668 0.48272 1.00000
0.05932 0.31668 0.48272 1.00000
0.06120 0.31236 0.48209 1.00000
0.06120 0.31236 0.48209 1.00000
0.06326 0.30801 0.48141 1.00000
0.06326 0.30801 0.48141 1.00000
0.06548 0.30364 0.48070 1.00000
0.06548 0.30364 0.48070 1.00000
0.06787 0.29924 0.47994 1.00000
0.06787 0.29924 0.47994 1.00000
0.07041 0.29481 0.47912 1.00000
0.07041 0.29481 0.47912 1.00000
0.07309 0.29035 0.47825 1.00000
0.07309 0.29035 0.47825 1.00000
0.07590 0.28586 0.47730 1.00000
0.07590 0.28586 0.47730 1.00000
0.07883 0.28134 0.47626 1.00000
0.07883 0.28134 0.47626 1.00000
0.08187 0.27679 0.47513 1.00000
0.08187 0.27679 0.47513 1.00000
0.08501 0.27222 0.47389 1.00000
0.08501 0.27222 0.47389 1.00000
0.08824 0.26761 0.47253 1.00000
0.08824 0.26761 0.47253 1.00000
0.09154 0.26298 0.47102 1.00000
0.09154 0.26298 0.47102 1.00000
0.09490 0.25832 0.46935 1.00000
0.09490 0.25832 0.46935 1.00000
0.09831 0.25365 0.46749 1.00000
0.09831 0.25365 0.46749 1.00000
0.10176 0.24896 0.46543 1.00000
0.10176 0.24896 0.46543 1.00000
0.10521 0.24426 0.46313 1.00000
0.10521 0.24426 0.46313 1.00000
0.10865 0.23956 0.46058 1.00000
0.11206 0.23487 0.45773 1.00000
0.11206 0.23487 0.45773 1.00000
0.11541 0.23019 0.45457 1.00000
0.11541 0.23019 0.45457 1.00000
0.11868 0.22554 0.45106 1.00000
0.11868 0.22554 0.45106 1.00000
0.12182 0.22094 0.44718 1.00000
0.12182 0.22094 0.44718 1.00000
0.12480 0.21640 0.44292 1.00000
0.12480 0.21640 0.44292 1.00000
0.12760 0.21192 0.43827 1.00000
0.12760 0.21192 0.43827 1.00000
0.13018 0.20753 0.43321 1.00000
0.13018 0.20753 0.43321 1.00000
0.13251 0.20324 0.42777 1.00000
0.13251 0.20324 0.42777 1.00000
0.13456 0.19905 0.42196 1.00000
0.13456 0.19905 0.42196 1.00000
0.13633 0.19496 0.41580 1.00000
0.13633 0.19496 0.41580 1.00000
0.13780 0.19099 0.40934 1.00000
0.13780 0.19099 0.40934 1.00000
0.13897 0.18713 0.40261 1.00000
0.13897 0.18713 0.40261 1.00000
0.13985 0.18337 0.39565 1.00000
0.13985 0.18337 0.39565 1.00000
0.14044 0.17970 0.38850 1.00000
0.14044 0.17970 0.38850 1.00000
0.14077 0.17613 0.38118 1.00000
0.14077 0.17613 0.38118 1.00000
0.14085 0.17264 0.37375 1.00000
0.14085 0.17264 0.37375 1.00000
0.14069 0.16922 0.36621 1.00000
0.14069 0.16922 0.36621 1.00000
0.14030 0.16587 0.35861 1.00000
0.14030 0.16587 0.35861 1.00000
0.13972 0.16258 0.35096 1.00000
0.13972 0.16258 0.35096 1.00000
0.13894 0.15934 0.34327 1.00000
0.13894 0.15934 0.34327 1.00000
0.13800 0.15615 0.33557 1.00000
0.13800 0.15615 0.33557 1.00000
0.13689 0.15299 0.32787 1.00000
0.13563 0.14987 0.32017 1.00000
0.13563 0.14987 0.32017 1.00000
0.13423 0.14677 0.31249 1.00000
0.13423 0.14677 0.31249 1.00000
0.13271 0.14370 0.30484 1.00000
0.13271 0.14370 0.30484 1.00000
0.13107 0.14064 0.29721 1.00000
0.13107 0.14064 0.29721 1.00000
0.12932 0.13760 0.28963 1.00000
0.12932 0.13760 0.28963 1.00000
0.12747 0.13458 0.28208 1.00000
0.12747 0.13458 0.28208 1.00000
0.12552 0.13156 0.27457 1.00000
0.12552 0.13156 0.27457 1.00000
0.12348 0.12855 0.26711 1.00000
0.12348 0.12855 0.26711 1.00000
0.12136 0.12554 0.25970 1.00000
0.12136 0.12554 0.25970 1.00000
0.11916 0.12253 0.25234 1.00000
0.11916 0.12253 0.25234 1.00000
0.11688 0.11953 0.24503 1.00000
0.11688 0.11953 0.24503 1.00000
0.11453 0.11652 0.23777 1.00000
0.11453 0.11652 0.23777 1.00000
0.11212 0.11350 0.23057 1.00000
0.11212 0.11350 0.23057 1.00000
0.10964 0.11048 0.22342 1.00000
0.10964 0.11048 0.22342 1.00000
0.10710 0.10746 0.21632 1.00000
0.10710 0.10746 0.21632 1.00000
0.10450 0.10442 0.20927 1.00000
0.10450 0.10442 0.20927 1.00000
0.10184 0.10137 0.20228 1.00000
0.10184 0.10137 0.20228 1.00000
0.09913 0.09831 0.19533 1.00000
0.09913 0.09831 0.19533 1.00000
0.09637 0.09524 0.18844 1.00000
0.09637 0.09524 0.18844 1.00000
0.09356 0.09215 0.18161 1.00000
0.09356 0.09215 0.18161 1.00000
0.09069 0.08904 0.17482 1.00000
0.09069 0.08904 0.17482 1.00000
0.08778 0.08592 0.16808 1.00000
0.08778 0.08592 0.16808 1.00000
0.08482 0.08278 0.16139 1.00000
0.08182 0.07962 0.15474 1.00000
0.08182 0.07962 0.15474 1.00000
0.07876 0.07644 0.14815 1.00000
0.07876 0.07644 0.14815 1.00000
0.07567 0.07324 0.14159 1.00000
0.07567 0.07324 0.14159 1.00000
0.07252 0.07001 0.13509 1.00000
0.07252 0.07001 0.13509 1.00000
0.06934 0.06676 0.12862 1.00000
0.06934 0.06676 0.12862 1.00000
0.06610 0.06348 0.12219 1.00000
0.06610 0.06348 0.12219 1.00000
0.06282 0.06018 0.11581 1.00000
0.06282 0.06018 0.11581 1.00000
0.05950 0.05684 0.10946 1.00000
0.05950 0.05684 0.10946 1.00000
0.05613 0.05347 0.10315 1.00000
0.05613 0.05347 0.10315 1.00000
0.05271 0.05007 0.09687 1.00000
0.05271 0.05007 0.09687 1.00000
0.04924 0.04663 0.09062 1.00000
0.04924 0.04663 0.09062 1.00000
0.04572 0.04316 0.08440 1.00000
0.04572 0.04316 0.08440 1.00000
0.04215 0.03963 0.07821 1.00000
0.04215 0.03963 0.07821 1.00000
0.03853 0.03615 0.07204 1.00000
0.03853 0.03615 0.07204 1.00000
0.03499 0.03281 0.06590 1.00000
0.03499 0.03281 0.06590 1.00000
0.03160 0.02962 0.05977 1.00000
0.03160 0.02962 0.05977 1.00000
0.02836 0.02657 0.05365 1.00000
0.02836 0.02657 0.05365 1.00000
0.02527 0.02367 0.04755 1.00000
0.02527 0.02367 0.04755 1.00000
0.02233 0.02092 0.04145 1.00000
0.02233 0.02092 0.04145 1.00000
0.01956 0.01832 0.03546 1.00000
0.01956 0.01832 0.03546 1.00000
0.01694 0.01587 0.02998 1.00000
0.01694 0.01587 0.02998 1.00000
0.01450 0.01359 0.02502 1.00000
0.01222 0.01146 0.02056 1.00000
0.01222 0.01146 0.02056 1.00000
0.01012 0.00949 0.01658 1.00000
0.01012 0.00949 0.01658 1.00000
0.00819 0.00769 0.01306 1.00000
0.00819 0.00769 0.01306 1.00000
0.00644 0.00606 0.01000 1.00000
0.00644 0.00606 0.01000 1.00000
0.00489 0.00460 0.00736 1.00000
0.00489 0.00460 0.00736 1.00000
0.00352 0.00332 0.00515 1.00000
0.00352 0.00332 0.00515 1.00000
0.00236 0.00223 0.00334 1.00000
0.00236 0.00223 0.00334 1.00000
0.00141 0.00133 0.00193 1.00000
0.00141 0.00133 0.00193 1.00000
0.00068 0.00065 0.00090 1.00000
0.00068 0.00065 0.00090 1.00000
0.00020 0.00019 0.00025 1.00000
0.00020 0.00019 0.00025 1.00000
0.00000 0.00000 0.00000 1.00000
0.00000 0.00000 0.00000 1.00000
0.00025 0.00017 0.00022 1.00000
0.00025 0.00017 0.00022 1.00000
0.00088 0.00058 0.00078 1.00000
0.00088 0.00058 0.00078 1.00000
0.00187 0.00118 0.00165 1.00000
0.00187 0.00118 0.00165 1.00000
0.00322 0.00195 0.00282 1.00000
0.00322 0.00195 0.00282 1.00000
0.00491 0.00286 0.00429 1.00000
0.00491 0.00286 0.00429 1.00000
0.00697 0.00392 0.00605 1.00000
0.00697 0.00392 0.00605 1.00000
0.00938 0.00510 0.00811 1.00000
0.00938 0.00510 0.00811 1.00000
0.01217 0.00639 0.01046 1.00000
0.01217 0.00639 0.01046 1.00000
0.01533 0.00780 0.01312 1.00000
0.01533 0.00780 0.01312 1.00000
0.01887 0.00931 0.01608 1.00000
0.01887 0.00931 0.01608 1.00000
0.02280 0.01091 0.01934 1.00000
0.02713 0.01260 0.02291 1.00000
0.02713 0.01260 0.02291 1.00000
0.03187 0.01437 0.02679 1.00000
0.03187 0.01437 0.02679 1.00000
0.03703 0.01622 0.03099 1.00000
0.03703 0.01622 0.03099 1.00000
0.04254 0.01814 0.03551 1.00000
0.04254 0.01814 0.03551 1.00000
0.04806 0.02013 0.04035 1.00000
0.04806 0.02013 0.04035 1.00000
0.05357 0.02217 0.04526 1.00000
0.05357 0.02217 0.04526 1.00000
0.05906 0.02427 0.05014 1.00000
0.05906 0.02427 0.05014 1.00000
0.06453 0.02642 0.05499 1.00000
0.06453 0.02642 0.05499 1.00000
0.07000 0.02861 0.05981 1.00000
0.07000 0.02861 0.05981 1.00000
0.07547 0.03085 0.06460 1.00000
0.07547 0.03085 0.06460 1.00000
0.08093 0.03312 0.06938 1.00000
0.08093 0.03312 0.06938 1.00000
0.08639 0.03542 0.07413 1.00000
0.08639 0.03542 0.07413 1.00000
0.09186 0.03774 0.07887 1.00000
0.09186 0.03774 0.07887 1.00000
0.09733 0.04009 0.08358 1.00000
0.09733 0.04009 0.08358 1.00000
0.10280 0.04239 0.08828 1.00000
0.10280 0.04239 0.08828 1.00000
0.10828 0.04462 0.09296 1.00000
0.10828 0.04462 0.09296 1.00000
0.11377 0.04679 0.09762 1.00000
0.11377 0.04679 0.09762 1.00000
0.11927 0.04890 0.10227 1.00000
0.11927 0.04890 0.10227 1.00000
0.12478 0.05095 0.10691 1.00000
0.12478 0.05095 0.10691 1.00000
0.13030 0.05294 0.11153 1.00000
0.13030 0.05294 0.11153 1.00000
0.13584 0.05487 0.11613 1.00000
0.13584 0.05487 0.11613 1.00000
0.14139 0.05674 0.12072 1.00000
0.14695 0.05854 0.12529 1.00000
0.14695 0.05854 0.12529 1.00000
0.15254 0.06029 0.12985 1.00000
0.15254 0.06029 0.12985 1.00000
0.15814 0.06198 0.13440 1.00000
0.15814 0.06198 0.13440 1.00000
0.16375 0.06361 0.13893 1.00000
0.16375 0.06361 0.13893 1.00000
0.16939 0.06518 0.14344 1.00000
0.16939 0.06518 0.14344 1.00000
0.17505 0.06669 0.14793 1.00000
0.17505 0.06669 0.14793 1.00000
0.18072 0.06814 0.15241 1.00000
0.18072 0.06814 0.15241 1.00000
0.18642 0.06953 0.15687 1.00000
0.18642 0.06953 0.15687 1.00000
0.19214 0.07086 0.16131 1.00000
0.19214 0.07086 0.16131 1.00000
0.19788 0.07213 0.16573 1.00000
0.19788 0.07213 0.16573 1.00000
0.20365 0.07333 0.17013 1.00000
0.20365 0.07333 0.17013 1.00000
0.20943 0.07447 0.17451 1.00000
0.20943 0.07447 0.17451 1.00000
0.21524 0.07555 0.17887 1.00000
0.21524 0.07555 0.17887 1.00000
0.22108 0.07656 0.18320 1.00000
0.22108 0.07656 0.18320 1.00000
0.22694 0.07751 0.18750 1.00000
0.22694 0.07751 0.18750 1.00000
0.23282 0.07839 0.19178 1.00000
0.23282 0.07839 0.19178 1.00000
0.23873 0.07920 0.19603 1.00000
0.23873 0.07920 0.19603 1.00000
0.24467 0.07995 0.20025 1.00000
0.24467 0.07995 0.20025 1.00000
0.25063 0.08063 0.20443 1.00000
0.25063 0.08063 0.20443 1.00000
0.25662 0.08124 0.20858 1.00000
0.25662 0.08124 0.20858 1.00000
0.26263 0.08177 0.21269 1.00000
0.26263 0.08177 0.21269 1.00000
0.26868 0.08224 0.21676 1.00000
0.26868 0.08224 0.21676 1.00000
0.27474 0.08264 0.22079 1.00000
0.28084 0.08296 0.22478 1.00000
0.28084 0.08296 0.22478 1.00000
0.28696 0.08320 0.22872 1.00000
0.28696 0.08320 0.22872 1.00000
0.29311 0.08338 0.23261 1.00000
0.29311 0.08338 0.23261 1.00000
0.29928 0.08347 0.23644 1.00000
0.29928 0.08347 0.23644 1.00000
0.30548 0.08349 0.24022 1.00000
0.30548 0.08349 0.24022 1.00000
0.31171 0.08343 0.24393 1.00000
0.31171 0.08343 0.24393 1.00000
0.31796 0.08330 0.24759 1.00000
0.31796 0.08330 0.24759 1.00000
0.32424 0.08308 0.25117 1.00000
0.32424 0.08308 0.25117 1.00000
0.33054 0.08279 0.25468 1.00000
0.33054 0.08279 0.25468 1.00000
0.33686 0.08242 0.25812 1.00000
0.33686 0.08242 0.25812 1.00000
0.34321 0.08196 0.26148 1.00000
0.34321 0.08196 0.26148 1.00000
0.34958 0.08144 0.26475 1.00000
0.34958 0.08144 0.26475 1.00000
0.35597 0.08083 0.26793 1.00000
0.35597 0.08083 0.26793 1.00000
0.36238 0.08015 0.27101 1.00000
0.36238 0.08015 0.27101 1.00000
0.36881 0.07939 0.27399 1.00000
0.36881 0.07939 0.27399 1.00000
0.37526 0.07856 0.27687 1.00000
0.37526 0.07856 0.27687 1.00000
0.38172 0.07766 0.27964 1.00000
0.38172 0.07766 0.27964 1.00000
0.38819 0.07670 0.28229 1.00000
0.38819 0.07670 0.28229 1.00000
0.39467 0.07568 0.28482 1.00000
0.39467 0.07568 0.28482 1.00000
0.40116 0.07460 0.28721 1.00000
0.40116 0.07460 0.28721 1.00000
0.40766 0.07348 0.28948 1.00000
0.40766 0.07348 0.28948 1.00000
0.41416 0.07231 0.29161 1.00000
0.42066 0.07112 0.29359 1.00000
0.42066 0.07112 0.29359 1.00000
0.42715 0.06991 0.29542 1.00000
0.42715 0.06991 0.29542 1.00000
0.43363 0.06870 0.29710 1.00000
0.43363 0.06870 0.29710 1.00000
0.44011 0.06750 0.29862 1.00000
0.44011 0.06750 0.29862 1.00000
0.44656 0.06633 0.29999 1.00000
0.44656 0.06633 0.29999 1.00000
0.45300 0.06520 0.30119 1.00000
0.45300 0.06520 0.30119 1.00000
0.45941 0.06414 0.30222 1.00000
0.45941 0.06414 0.30222 1.00000
0.46579 0.06317 0.30309 1.00000
0.46579 0.06317 0.30309 1.00000
0.47213 0.06231 0.30379 1.00000
0.47213 0.06231 0.30379 1.00000
0.47844 0.06158 0.30432 1.00000
0.47844 0.06158 0.30432 1.00000
0.48471 0.06102 0.30470 1.00000
0.48471 0.06102 0.30470 1.00000
0.49093 0.06063 0.30491 1.00000
0.49093 0.06063 0.30491 1.00000
0.49709 0.06044 0.30497 1.00000
0.49709 0.06044 0.30497 1.00000
0.50321 0.06047 0.30487 1.00000
0.50321 0.06047 0.30487 1.00000
0.50927 0.06075 0.30463 1.00000
0.50927 0.06075 0.30463 1.00000
0.51527 0.06127 0.30425 1.00000
0.51527 0.06127 0.30425 1.00000
0.52120 0.06205 0.30374 1.00000
0.52120 0.06205 0.30374 1.00000
0.52708 0.06309 0.30310 1.00000
0.52708 0.06309 0.30310 1.00000
0.53289 0.06440 0.30235 1.00000
0.53289 0.06440 0.30235 1.00000
0.53863 0.06597 0.30148 1.00000
0.53863 0.06597 0.30148 1.00000
0.54431 0.06779 0.30052 1.00000
0.54431 0.06779 0.30052 1.00000
0.54992 0.06986 0.29946 1.00000
0.55547 0.07216 0.29832 1.00000
0.55547 0.07216 0.29832 1.00000
0.56095 0.07468 0.29709 1.00000
0.56095 0.07468 0.29709 1.00000
0.56637 0.07741 0.29580 1.00000
0.56637 0.07741 0.29580 1.00000
0.57173 0.08032 0.29444 1.00000
0.57173 0.08032 0.29444 1.00000
0.57702 0.08340 0.29302 1.00000
0.57702 0.08340 0.29302 1.00000
0.58225 0.08665 0.29154 1.00000
0.58225 0.08665 0.29154 1.00000
0.58742 0.09003 0.29003 1.00000
0.58742 0.09003 0.29003 1.00000
0.59254 0.09354 0.28846 1.00000
0.59254 0.09354 0.28846 1.00000
0.59760 0.09717 0.28686 1.00000
0.59760 0.09717 0.28686 1.00000
0.60261 0.10091 0.28523 1.00000
0.60261 0.10091 0.28523 1.00000
0.60756 0.10473 0.28356 1.00000
0.60756 0.10473 0.28356 1.00000
0.61246 0.10864 0.28187 1.00000
0.61246 0.10864 0.28187 1.00000
0.61731 0.11262 0.28016 1.00000
0.61731 0.11262 0.28016 1.00000
0.62212 0.11666 0.27842 1.00000
0.62212 0.11666 0.27842 1.00000
0.62687 0.12076 0.27667 1.00000
0.62687 0.12076 0.27667 1.00000
0.63159 0.12492 0.27490 1.00000
0.63159 0.12492 0.27490 1.00000
0.63625 0.12912 0.27311 1.00000
0.63625 0.12912 0.27311 1.00000
0.64088 0.13336 0.27131 1.00000
0.64088 0.13336 0.27131 1.00000
0.64547 0.13764 0.26951 1.00000
0.64547 0.13764 0.26951 1.00000
0.65001 0.14195 0.26769 1.00000
0.65001 0.14195 0.26769 1.00000
0.65452 0.14629 0.26586 1.00000
0.65452 0.14629 0.26586 1.00000
0.65898 0.15065 0.26403 1.00000
0.66341 0.15504 0.26218 1.00000
0.66341 0.15504 0.26218 1.00000
0.66781 0.15945 0.26034 1.00000
0.66781 0.15945 0.26034 1.00000
0.67217 0.16388 0.25848 1.00000
0.67217 0.16388 0.25848 1.00000
0.67650 0.16833 0.25662 1.00000
0.67650 0.16833 0.25662 1.00000
0.68079 0.17279 0.25476 1.00000
0.68079 0.17279 0.25476 1.00000
0.68505 0.17727 0.25290 1.00000
0.68505 0.17727 0.25290 1.00000
0.68928 0.18177 0.25103 1.00000
0.68928 0.18177 0.25103 1.00000
0.69347 0.18627 0.24915 1.00000
0.69347 0.18627 0.24915 1.00000
0.69764 0.19079 0.24728 1.00000
0.69764 0.19079 0.24728 1.00000
0.70178 0.19532 0.24540 1.00000
0.70178 0.19532 0.24540 1.00000
0.70588 0.19987 0.24351 1.00000
0.70588 0.19987 0.24351 1.00000
0.70996 0.20442 0.24163 1.00000
0.70996 0.20442 0.24163 1.00000
0.71401 0.20898 0.23974 1.00000
0.71401 0.20898 0.23974 1.00000
0.71803 0.21356 0.23784 1.00000
0.71803 0.21356 0.23784 1.00000
0.72203 0.21814 0.23595 1.00000
0.72203 0.21814 0.23595 1.00000
0.72599 0.22274 0.23405 1.00000
0.72599 0.22274 0.23405 1.00000
0.72993 0.22734 0.23215 1.00000
0.72993 0.22734 0.23215 1.00000
0.73384 0.23195 0.23024 1.00000
0.73384 0.23195 0.23024 1.00000
0.73773 0.23658 0.22833 1.00000
0.73773 0.23658 0.22833 1.00000
0.74159 0.24121 0.22642 1.00000
0.74159 0.24121 0.22642 1.00000
0.74542 0.24585 0.22450 1.00000
0.74542 0.24585 0.22450 1.00000
0.74923 0.25051 0.22258 1.00000
0.75301 0.25517 0.22065 1.00000
0.75301 0.25517 0.22065 1.00000
0.75676 0.25985 0.21872 1.00000
0.75676 0.25985 0.21872 1.00000
0.76049 0.26453 0.21679 1.00000
0.76049 0.26453 0.21679 1.00000
0.76420 0.26923 0.21485 1.00000
0.76420 0.26923 0.21485 1.00000
0.76788 0.27393 0.21290 1.00000
0.76788 0.27393 0.21290 1.00000
0.77153 0.27865 0.21095 1.00000
0.77153 0.27865 0.21095 1.00000
0.77516 0.28338 0.20899 1.00000
0.77516 0.28338 0.20899 1.00000
0.77877 0.28811 0.20703 1.00000
0.77877 0.28811 0.20703 1.00000
0.78234 0.29286 0.20506 1.00000
0.78234 0.29286 0.20506 1.00000
0.78590 0.29763 0.20308 1.00000
0.78590 0.29763 0.20308 1.00000
0.78943 0.30240 0.20110 1.00000
0.78943 0.30240 0.20110 1.00000
0.79293 0.30719 0.19911 1.00000
0.79293 0.30719 0.19911 1.00000
0.79641 0.31199 0.19711 1.00000
0.79641 0.31199 0.19711 1.00000
0.79986 0.31680 0.19511 1.00000
0.79986 0.31680 0.19511 1.00000
0.80329 0.32162 0.19309 1.00000
0.80329 0.32162 0.19309 1.00000
0.80669 0.32646 0.19107 1.00000
0.80669 0.32646 0.19107 1.00000
0.81007 0.33131 0.18905 1.00000
0.81007 0.33131 0.18905 1.00000
0.81342 0.33617 0.18701 1.00000
0.81342 0.33617 0.18701 1.00000
0.81675 0.34105 0.18496 1.00000
0.81675 0.34105 0.18496 1.00000
0.82005 0.34594 0.18291 1.00000
0.82005 0.34594 0.18291 1.00000
0.82332 0.35084 0.18084 1.00000
0.82332 0.35084 0.18084 1.00000
0.82657 0.35576 0.17877 1.00000
0.82657 0.35576 0.17877 1.00000
0.82980 0.36069 0.17669 1.00000
0.83299 0.36564 0.17460 1.00000
0.83299 0.36564 0.17460 1.00000
0.83616 0.37060 0.17250 1.00000
0.83616 0.37060 0.17250 1.00000
0.83931 0.37558 0.17038 1.00000
0.83931 0.37558 0.17038 1.00000
0.84242 0.38057 0.16826 1.00000
0.84242 0.38057 0.16826 1.00000
0.84552 0.38558 0.16613 1.00000
0.84552 0.38558 0.16613 1.00000
0.84858 0.39060 0.16399 1.00000
0.84858 0.39060 0.16399 1.00000
0.85162 0.39564 0.16184 1.00000
0.85162 0.39564 0.16184 1.00000
0.85463 0.40069 0.15967 1.00000
0.85463 0.40069 0.15967 1.00000
0.85761 0.40576 0.15750 1.00000
0.85761 0.40576 0.15750 1.00000
0.86056 0.41085 0.15532 1.00000
0.86056 0.41085 0.15532 1.00000
0.86349 0.41595 0.15312 1.00000
0.86349 0.41595 0.15312 1.00000
0.86639 0.42107 0.15092 1.00000
0.86639 0.42107 0.15092 1.00000
0.86926 0.42620 0.14870 1.00000
0.86926 0.42620 0.14870 1.00000
0.87210 0.43135 0.14647 1.00000
0.87210 0.43135 0.14647 1.00000
0.87491 0.43652 0.14424 1.00000
0.87491 0.43652 0.14424 1.00000
0.87770 0.44171 0.14199 1.00000
0.87770 0.44171 0.14199 1.00000
0.88045 0.44691 0.13974 1.00000
0.88045 0.44691 0.13974 1.00000
0.88318 0.45213 0.13747 1.00000
0.88318 0.45213 0.13747 1.00000
0.88588 0.45736 0.13520 1.00000
0.88588 0.45736 0.13520 1.00000
0.88855 0.46262 0.13291 1.00000
0.88855 0.46262 0.13291 1.00000
0.89118 0.46789 0.13062 1.00000
0.89118 0.46789 0.13062 1.00000
0.89379 0.47318 0.12832 1.00000
0.89637 0.47848 0.12601 1.00000
0.89637 0.47848 0.12601 1.00000
0.89892 0.48381 0.12370 1.00000
0.89892 0.48381 0.12370 1.00000
0.90144 0.48915 0.12138 1.00000
0.90144 0.48915 0.12138 1.00000
0.90392 0.49451 0.11905 1.00000
0.90392 0.49451 0.11905 1.00000
0.90638 0.49989 0.11673 1.00000
0.90638 0.49989 0.11673 1.00000
0.90880 0.50528 0.11439 1.00000
0.90880 0.50528 0.11439 1.00000
0.91119 0.51070 0.11206 1.00000
0.91119 0.51070 0.11206 1.00000
0.91355 0.51613 0.10973 1.00000
0.91355 0.51613 0.10973 1.00000
0.91588 0.52158 0.10740 1.00000
0.91588 0.52158 0.10740 1.00000
0.91818 0.52705 0.10507 1.00000
0.91818 0.52705 0.10507 1.00000
0.92044 0.53253 0.10274 1.00000
0.92044 0.53253 0.10274 1.00000
0.92268 0.53804 0.10043 1.00000
0.92268 0.53804 0.10043 1.00000
0.92488 0.54356 0.09812 1.00000
0.92488 0.54356 0.09812 1.00000
0.92704 0.54910 0.09583 1.00000
0.92704 0.54910 0.09583 1.00000
0.92918 0.55466 0.09355 1.00000
0.92918 0.55466 0.09355 1.00000
0.93128 0.56024 0.09129 1.00000
0.93128 0.56024 0.09129 1.00000
0.93334 0.56584 0.08905 1.00000
0.93334 0.56584 0.08905 1.00000
0.93538 0.57145 0.08684 1.00000
0.93538 0.57145 0.08684 1.00000
0.93738 0.57709 0.08466 1.00000
0.93738 0.57709 0.08466 1.00000
0.93934 0.58274 0.08251 1.00000
0.93934 0.58274 0.08251 1.00000
0.94127 0.58841 0.08041 1.00000
0.94127 0.58841 0.08041 1.00000
0.94317 0.59410 0.07835 1.00000
0.94503 0.59981 0.07634 1.00000
0.94503 0.59981 0.07634 1.00000
0.94686 0.60554 0.07440 1.00000
0.94686 0.60554 0.07440 1.00000
0.94865 0.61128 0.07251 1.00000
0.94865 0.61128 0.07251 1.00000
0.95041 0.61705 0.07071 1.00000
0.95041 0.61705 0.07071 1.00000
0.95213 0.62283 0.06898 1.00000
0.95213 0.62283 0.06898 1.00000
0.95382 0.62863 0.06735 1.00000
0.95382 0.62863 0.06735 1.00000
0.95547 0.63445 0.06582 1.00000
0.95547 0.63445 0.06582 1.00000
0.95708 0.64029 0.06439 1.00000
0.95708 0.64029 0.06439 1.00000
0.95866 0.64615 0.06309 1.00000
0.95866 0.64615 0.06309 1.00000
0.96020 0.65203 0.06191 1.00000
0.96020 0.65203 0.06191 1.00000
0.96170 0.65792 0.06087 1.00000
0.96170 0.65792 0.06087 1.00000
0.96317 0.66384 0.05999 1.00000
0.96317 0.66384 0.05999 1.00000
0.96460 0.66977 0.05926 1.00000
0.96460 0.66977 0.05926 1.00000
0.96600 0.67572 0.05869 1.00000
0.96600 0.67572 0.05869 1.00000
0.96735 0.68169 0.05831 1.00000
0.96735 0.68169 0.05831 1.00000
0.96867 0.68768 0.05810 1.00000
0.96867 0.68768 0.05810 1.00000
0.96995 0.69369 0.05809 1.00000
0.96995 0.69369 0.05809 1.00000
0.97120 0.69971 0.05827 1.00000
0.97120 0.69971 0.05827 1.00000
0.97240 0.70576 0.05865 1.00000
0.97240 0.70576 0.05865 1.00000
0.97357 0.71182 0.05924 1.00000
0.97357 0.71182 0.05924 1.00000
0.97469 0.71790 0.06002 1.00000
0.97469 0.71790 0.06002 1.00000
0.97578 0.72400 0.06101 1.00000
0.97683 0.73012 0.06220 1.00000
0.97683 0.73012 0.06220 1.00000
0.97784 0.73626 0.06359 1.00000
0.97784 0.73626 0.06359 1.00000
0.97881 0.74242 0.06518 1.00000
0.97881 0.74242 0.06518 1.00000
0.97974 0.74860 0.06695 1.00000
0.97974 0.74860 0.06695 1.00000
0.98064 0.75479 0.06890 1.00000
0.98064 0.75479 0.06890 1.00000
0.98149 0.76100 0.07104 1.00000
0.98149 0.76100 0.07104 1.00000
0.98230 0.76724 0.07334 1.00000
0.98230 0.76724 0.07334 1.00000
0.98307 0.77349 0.07580 1.00000
0.98307 0.77349 0.07580 1.00000
0.98379 0.77976 0.07842 1.00000
0.98379 0.77976 0.07842 1.00000
0.98448 0.78605 0.08118 1.00000
0.98448 0.78605 0.08118 1.00000
0.98512 0.79236 0.08409 1.00000
0.98512 0.79236 0.08409 1.00000
0.98573 0.79868 0.08712 1.00000
0.98573 0.79868 0.08712 1.00000
0.98629 0.80503 0.09028 1.00000
0.98629 0.80503 0.09028 1.00000
0.98681 0.81140 0.09356 1.00000
0.98681 0.81140 0.09356 1.00000
0.98728 0.81778 0.09695 1.00000
0.98728 0.81778 0.09695 1.00000
0.98771 0.82419 0.10045 1.00000
0.98771 0.82419 0.10045 1.00000
0.98810 0.83061 0.10404 1.00000
0.98810 0.83061 0.10404 1.00000
0.98844 0.83705 0.10773 1.00000
0.98844 0.83705 0.10773 1.00000
0.98874 0.84351 0.11151 1.00000
0.98874 0.84351 0.11151 1.00000
0.98900 0.84999 0.11537 1.00000
0.98900 0.84999 0.11537 1.00000
0.98921 0.85650 0.11932 1.00000
0.98921 0.85650 0.11932 1.00000
0.98937 0.86302 0.12333 1.00000
0.98937 0.86302 0.12333 1.00000
